V 54
K 1
D 0 -3556000 4064000 1778000
Y 1
U 3683000 1778000 254000 0 2 3 REFDES=IC?
U 3683000 1524000 254000 0 2 3 DEVICE=SI5332BD08940-GM1
U 3683000 1270000 254000 0 2 0 PKG_TYPE=QFN50P500X500X90-33N-D
U 3683000 1016000 254000 0 2 0 Description=Clock Generators & Support Products Low jitter, 6-output, any-frequency (< 200 MHz), any output clock generator (INT+FRAC)
U 3683000 762000 254000 0 2 0 Datasheet Link=https://www.mouser.in/datasheet/2/472/si5332_datasheet-2507478.pdf
U 3683000 508000 254000 0 2 0 Height=0.9
U 3683000 254000 254000 0 2 0 Manufacturer_Name=Skyworks
U 3683000 0 254000 0 2 0 Manufacturer_Part_Number=SI5332BD08940-GM1
U 3683000 -254000 254000 0 2 0 Mouser Part Number=
U 3683000 -508000 254000 0 2 0 Mouser Price/Stock=
U 3683000 -762000 254000 0 2 0 Arrow Part Number=
U 3683000 -1016000 254000 0 2 0 Arrow Price/Stock=
U 0 0 254000 0 1 0 FORWARD_PCB=1
l 5 508000 1270000 3556000 1270000 3556000 -3048000 508000 -3048000 508000 1270000
|GRPHSTL -1 -1 -1 1
P 1 0 0 508000 0 0 2 0
L 584200 0 228600 0 2 0 1 0 VDD_DIG
A 355600 50800 203200 0 9 3 #=1
A 0 0 9 0 3 0 PINTYPE=BI
P 2 0 -254000 508000 -254000 0 2 0
L 584200 -254000 228600 0 2 0 1 0 CLKIN_2
A 355600 -203200 203200 0 9 3 #=2
A 0 0 9 0 3 0 PINTYPE=BI
P 3 0 -508000 508000 -508000 0 2 0
L 584200 -508000 228600 0 2 0 1 0 CLKIN_2B
A 355600 -457200 203200 0 9 3 #=3
A 0 0 9 0 3 0 PINTYPE=BI
P 4 0 -762000 508000 -762000 0 2 0
L 584200 -762000 228600 0 2 0 1 0 VDD_XTAL
A 355600 -711200 203200 0 9 3 #=4
A 0 0 9 0 3 0 PINTYPE=BI
P 5 0 -1016000 508000 -1016000 0 2 0
L 584200 -1016000 228600 0 2 0 1 0 XA/CLKIN1
A 355600 -965200 203200 0 9 3 #=5
A 0 0 9 0 3 0 PINTYPE=BI
P 6 0 -1270000 508000 -1270000 0 2 0
L 584200 -1270000 228600 0 2 0 1 0 XB
A 355600 -1219200 203200 0 9 3 #=6
A 0 0 9 0 3 0 PINTYPE=BI
P 7 0 -1524000 508000 -1524000 0 2 0
L 584200 -1524000 228600 0 2 0 1 0 VDDA
A 355600 -1473200 203200 0 9 3 #=7
A 0 0 9 0 3 0 PINTYPE=BI
P 8 0 -1778000 508000 -1778000 0 2 0
L 584200 -1778000 228600 0 2 0 1 0 INPUT1
A 355600 -1727200 203200 0 9 3 #=8
A 0 0 9 0 3 0 PINTYPE=BI
P 9 1016000 -3556000 1016000 -3048000 0 1 0
L 1016000 -2971800 228600 1 2 0 1 0 SCLK
A 965200 -3200400 203200 1 9 3 #=9
A 0 0 9 0 3 0 PINTYPE=BI
P 10 1270000 -3556000 1270000 -3048000 0 1 0
L 1270000 -2971800 228600 1 2 0 1 0 SDATA
A 1219200 -3200400 203200 1 9 3 #=10
A 0 0 9 0 3 0 PINTYPE=BI
P 11 1524000 -3556000 1524000 -3048000 0 1 0
L 1524000 -2971800 228600 1 2 0 1 0 OUT0B
A 1473200 -3200400 203200 1 9 3 #=11
A 0 0 9 0 3 0 PINTYPE=BI
P 12 1778000 -3556000 1778000 -3048000 0 1 0
L 1778000 -2971800 228600 1 2 0 1 0 OUT0
A 1727200 -3200400 203200 1 9 3 #=12
A 0 0 9 0 3 0 PINTYPE=BI
P 13 2032000 -3556000 2032000 -3048000 0 1 0
L 2032000 -2971800 228600 1 2 0 1 0 VDDO0
A 1981200 -3200400 203200 1 9 3 #=13
A 0 0 9 0 3 0 PINTYPE=BI
P 14 2286000 -3556000 2286000 -3048000 0 1 0
L 2286000 -2971800 228600 1 2 0 1 0 OUT1B
A 2235200 -3200400 203200 1 9 3 #=14
A 0 0 9 0 3 0 PINTYPE=BI
P 15 2540000 -3556000 2540000 -3048000 0 1 0
L 2540000 -2971800 228600 1 2 0 1 0 OUT1
A 2489200 -3200400 203200 1 9 3 #=15
A 0 0 9 0 3 0 PINTYPE=BI
P 16 2794000 -3556000 2794000 -3048000 0 1 0
L 2794000 -2971800 228600 1 2 0 1 0 VDDO1
A 2743200 -3200400 203200 1 9 3 #=16
A 0 0 9 0 3 0 PINTYPE=BI
P 17 4064000 0 3556000 0 0 3 0
L 3479800 0 228600 0 8 0 1 0 INPUT3
A 3708400 50800 203200 0 3 3 #=24
A 0 0 9 0 3 0 PINTYPE=BI
P 18 4064000 -254000 3556000 -254000 0 3 0
L 3479800 -254000 228600 0 8 0 1 0 VDDO3
A 3708400 -203200 203200 0 3 3 #=23
A 0 0 9 0 3 0 PINTYPE=BI
P 19 4064000 -508000 3556000 -508000 0 3 0
L 3479800 -508000 228600 0 8 0 1 0 OUT3
A 3708400 -457200 203200 0 3 3 #=22
A 0 0 9 0 3 0 PINTYPE=BI
P 20 4064000 -762000 3556000 -762000 0 3 0
L 3479800 -762000 228600 0 8 0 1 0 OUT3B
A 3708400 -711200 203200 0 3 3 #=21
A 0 0 9 0 3 0 PINTYPE=BI
P 21 4064000 -1016000 3556000 -1016000 0 3 0
L 3479800 -1016000 228600 0 8 0 1 0 VDDO2
A 3708400 -965200 203200 0 3 3 #=20
A 0 0 9 0 3 0 PINTYPE=BI
P 22 4064000 -1270000 3556000 -1270000 0 3 0
L 3479800 -1270000 228600 0 8 0 1 0 OUT2
A 3708400 -1219200 203200 0 3 3 #=19
A 0 0 9 0 3 0 PINTYPE=BI
P 23 4064000 -1524000 3556000 -1524000 0 3 0
L 3479800 -1524000 228600 0 8 0 1 0 OUT2B
A 3708400 -1473200 203200 0 3 3 #=18
A 0 0 9 0 3 0 PINTYPE=BI
P 24 4064000 -1778000 3556000 -1778000 0 3 0
L 3479800 -1778000 228600 0 8 0 1 0 INPUT2
A 3708400 -1727200 203200 0 3 3 #=17
A 0 0 9 0 3 0 PINTYPE=BI
P 25 1016000 1778000 1016000 1270000 0 0 0
L 1016000 1193800 228600 1 8 0 1 0 GND
A 965200 1422400 203200 1 3 3 #=33
A 0 0 9 0 3 0 PINTYPE=BI
P 26 1270000 1778000 1270000 1270000 0 0 0
L 1270000 1193800 228600 1 8 0 1 0 VDDO5
A 1219200 1422400 203200 1 3 3 #=32
A 0 0 9 0 3 0 PINTYPE=BI
P 27 1524000 1778000 1524000 1270000 0 0 0
L 1524000 1193800 228600 1 8 0 1 0 OUT5
A 1473200 1422400 203200 1 3 3 #=31
A 0 0 9 0 3 0 PINTYPE=BI
P 28 1778000 1778000 1778000 1270000 0 0 0
L 1778000 1193800 228600 1 8 0 1 0 OUT5B
A 1727200 1422400 203200 1 3 3 #=30
A 0 0 9 0 3 0 PINTYPE=BI
P 29 2032000 1778000 2032000 1270000 0 0 0
L 2032000 1193800 228600 1 8 0 1 0 INPUT5
A 1981200 1422400 203200 1 3 3 #=29
A 0 0 9 0 3 0 PINTYPE=BI
P 30 2286000 1778000 2286000 1270000 0 0 0
L 2286000 1193800 228600 1 8 0 1 0 INPUT4
A 2235200 1422400 203200 1 3 3 #=28
A 0 0 9 0 3 0 PINTYPE=BI
P 31 2540000 1778000 2540000 1270000 0 0 0
L 2540000 1193800 228600 1 8 0 1 0 OUT4
A 2489200 1422400 203200 1 3 3 #=27
A 0 0 9 0 3 0 PINTYPE=BI
P 32 2794000 1778000 2794000 1270000 0 0 0
L 2794000 1193800 228600 1 8 0 1 0 OUT4B
A 2743200 1422400 203200 1 3 3 #=26
A 0 0 9 0 3 0 PINTYPE=BI
P 33 3048000 1778000 3048000 1270000 0 0 0
L 3048000 1193800 228600 1 8 0 1 0 VDDO4
A 2997200 1422400 203200 1 3 3 #=25
A 0 0 9 0 3 0 PINTYPE=BI
E
